10029
10090
100989
10112
10116
10141
102640
103942
103944
1042543
109781
110206
110224
111177
111304
1114302
120305
124223
126484
129457
132961
136040
13616
169840
169841
169847
169852
186611
193080
195058
196380
196418
234064
242054
242841
274825
28377
29156
292442
310520
31150
31151
31155
33626
338818
338837
338838
338839
343250
35005
35024
35670
35671
36307
38415
39682
40353
412038
44722
44725
46267
46295
46577
471292
51750
52202
537493
54390
59729
61221
6183
61853
61970
62035
62042
62043
62044
62045
62052
64182
66186
66188
672774
687874
690477
7748
7955
7962
8018
8022
8030
8083
8128
8355
8364
8551
8559
8600
8613
8614
8616
8630
8631
8637
8649
8656
865857
8663
8665
8667
8668
8670
8671
8673
8678
8692
8694
8697
8707
8709
8714
8716
8717
8720
8722
8723
8724
8726
8729
8730
8732
8739
8741
8752
8757
8762
8765
8767
8773
8781
88086
88087
9031
9103
92438
9483
9521
9541
9544
9598
9601
9606
9615
9646
9785
9796
9823
98334
9913
99586
9986
